einfach =
[
    -3    -5   -10    23     0     0     0     0    20;
     3     2    -4    17     0     0     0     0     8;
     3    -2    -4    17     0     0     0     0     8;
    -3     2   -10     6     0     0     0     0    20;
    -3    -2   -10     6     0     0     0     0    20;
    20    -5    -4     0    10     0     0     0     2;
    20    -5     4     0    10     0     0     0    -2;
     3    -5    -4     0    10     0    17     0     0;
     3    -5     4     0    10     0    17     0     0;
     3    -5   -10     0    10     0     0     0     6;
     3    -5    10     0    10     0     0     0    -6;
    -3    -5   -10     0    10     0     0     0    20;
]

komplizierter = 
[
   -4.0000    4.5000   10.0000    8.0000         0         0         0         0  -20.0000;
    4.0000    4.5000    5.0000   16.0000         0         0         0         0  -10.0000;
   -4.0000   -4.5000   10.0000   24.0000         0         0         0         0  -20.0000;
    4.0000    1.5000    5.0000   16.0000         0         0         0         0  -10.0000;
    4.0000   -1.5000    5.0000   16.0000         0         0         0         0  -10.0000;
   -4.0000    1.5000   10.0000    8.0000         0         0         0         0  -20.0000;
   -4.0000   -1.5000   10.0000    8.0000         0         0         0         0  -20.0000;
   20.0000   -4.5000    5.0000         0    9.0000         0         0         0   -4.0000;
   20.0000   -4.5000   -5.0000         0    9.0000         0         0         0    4.0000;
    4.0000   -4.5000    5.0000         0    9.0000         0   16.0000         0         0;
    4.0000   -4.5000   -5.0000         0    9.0000         0   16.0000         0         0;
    1.0000   -4.5000    1.5000         0    9.0000         0   19.0000         0         0;
    1.0000   -4.5000   -1.5000         0    9.0000         0   19.0000         0         0;
    4.0000   -4.5000   10.0000         0    9.0000         0         0         0   -5.0000;
    4.0000   -4.5000  -10.0000         0    9.0000         0         0         0    5.0000;
    1.0000   -4.5000  -10.0000         0    9.0000         0         0         0    8.5000;
    1.0000   -4.5000   10.0000         0    9.0000         0         0         0   -8.5000;
   -1.0000   -4.5000   10.0000         0    9.0000         0         0         0  -20.0000;
   -4.0000   -4.5000  -10.0000         0    9.0000         0    8.0000         0         0;
   -4.0000   -4.5000   10.0000         0    9.0000         0    8.0000         0         0;
   -4.0000   -4.5000   10.0000         0    9.0000         0         0         0  -20.0000;
]

ein Stockwerk ohne T端ren = 
[
   -28     0   -16    10     0     0     0     0    32;
   -18     0    -5    36     0     0     0     0    10;
    18     0   -16    10     0     0     0     0    32;
   -24     0     1     0     2     0    -4     0     0;
   -24     0    -1     0     2     0    -4     0     0;
   -24     0    -1     0     2     0     0     0   -15;
   -22     0    -1     0     2     0     0     0   -15;
   -24     0     1     0     2     0     0     0    15;
   -22     0     1     0     2     0     0     0    15;
    22     0     1     0     2     0   -44     0     0;
    22     0    -1     0     2     0   -44     0     0;
    22     0    -1     0     2     0     0     0   -15;
    24     0    -1     0     2     0     0     0   -15;
    24     0    -1     0     2     0     4     0     0;
    24     0     1     0     2     0     4     0     0;
    22     0     1     0     2     0     0     0    15;
    24     0     1     0     2     0     0     0    15;
   -28     0   -16     0     2     0     0     0    32;
   -18     0   -16     0     2     0   -10     0     0;
   -18     0    16     0     2     0   -10     0     0;
   -18     0     5     0     2     0     0     0    11;
   -18     0    -5     0     2     0     0     0   -11;
    18     0     5     0     2     0   -36     0     0;
    18     0    -5     0     2     0   -36     0     0;
    18     0   -16     0     2     0     0     0    11;
    18     0    16     0     2     0     0     0   -11;
    28     0   -16     0     2     0   -10     0     0;
    28     0    16     0     2     0   -10     0     0;
    28     0    16     0     2     0     0     0   -32;
]

map = 
[
   -28     0   -16    10     0     0     0     0    32;
   -18     0    -5    36     0     0     0     0    10;
    18     0   -16    10     0     0     0     0    32;
   -24     0     1     0     2     0    -4     0     0;
   -24     0    -1     0     2     0    -4     0     0;
   -24     0    -1     0     2     0     0     0   -15;
   -22     0    -1     0     2     0     0     0   -15;
   -24     0     1     0     2     0     0     0    15;
   -22     0     1     0     2     0     0     0    15;
    22     0     1     0     2     0   -44     0     0;
    22     0    -1     0     2     0   -44     0     0;
    22     0    -1     0     2     0     0     0   -15;
    24     0    -1     0     2     0     0     0   -15;
    24     0    -1     0     2     0     4     0     0;
    24     0     1     0     2     0     4     0     0;
    22     0     1     0     2     0     0     0    15;
    24     0     1     0     2     0     0     0    15;
   -28     0   -16     0     2     0     0     0    32;
   -18     0   -16     0     2     0   -10     0     0;
   -18     0    16     0     2     0   -10     0     0;
   -18     0     5     0     2     0     0     0    11;
   -18     0    -5     0     2     0     0     0   -11;
    18     0     5     0     2     0   -36     0     0;
    18     0    -5     0     2     0   -36     0     0;
    18     0   -16     0     2     0     0     0    11;
    18     0    16     0     2     0     0     0   -11;
    28     0   -16     0     2     0   -10     0     0;
    28     0    16     0     2     0   -10     0     0;
    28     0    16     0     2     0     0     0   -32;
    0      0    0      0     0     0     0     0     0;
    0      0    0      0     0     0     0     0     0;
    0      0    0      0     0     0     0     0     0;
    0      0    0      0     0     0     0     0     0;
    0      0    0      0     0     0     0     0     0;
    0      0    0      0     0     0     0     0     0;
    0      0    0      0     0     0     0     0     0;
    0      0    0      0     0     0     0     0     0;
    0      0    0      0     0     0     0     0     0;
    0      0    0      0     0     0     0     0     0;
    0      0    0      0     0     0     0     0     0;
    0      0    0      0     0     0     0     0     0;
    0      0    0      0     0     0     0     0     0;
    0      0    0      0     0     0     0     0     0;
    0      0    0      0     0     0     0     0     0;
    0      0    0      0     0     0     0     0     0;
    0      0    0      0     0     0     0     0     0;
    0      0    0      0     0     0     0     0     0;
]

DEBUG!!!!!!   ein Stockwerk ohne T端ren =

[
   -28     0   -16    10     0     0     0     0    32;
   -18     0    -5    36     0     0     0     0    10;
     0     0     0     0     0     0     0     0     0;
     0     0     0     0     0     0     0     0     0;
     0     0     0     0     0     0     0     0     0;
     0     0     0     0     0     0     0     0     0;
   -22     0    -1     0     2     0     0     0   -15;
   -24     0     1     0     2     0     0     0    15;
   -22     0     1     0     2     0     0     0    15;
     0     0     0     0     0     0     0     0     0;
     0     0     0     0     0     0     0     0     0;
     0     0     0     0     0     0     0     0     0;
     0     0     0     0     0     0     0     0     0;
     0     0     0     0     0     0     0     0     0;
     0     0     0     0     0     0     0     0     0;
     0     0     0     0     0     0     0     0     0;
     0     0     0     0     0     0     0     0     0;
     0     0     0     0     0     0     0     0     0;
     0     0     0     0     0     0     0     0     0;
     0     0     0     0     0     0     0     0     0;
     0     0     0     0     0     0     0     0     0;
     0     0     0     0     0     0     0     0     0;
     0     0     0     0     0     0     0     0     0;
     0     0     0     0     0     0     0     0     0;
     0     0     0     0     0     0     0     0     0;
     0     0     0     0     0     0     0     0     0;
     0     0     0     0     0     0     0     0     0;
     0     0     0     0     0     0     0     0     0;
     0     0     0     0     0     0     0     0     0;
]



ein stockwerk mit T端ren und B端ros(sh. a. raum.mat) = 
[
   -28     0   -16    10     0     0     0     0    32;
   -18     0    -5    36     0     0     0     0    10;
    18     0   -16    10     0     0     0     0    32;
    15     0     1     0     2     0     3     0     0;
     8     0     1     0     2     0     6     0     0;
     4     0     1     0     2     0     3     0     0;
     1     0     1     0     2     0     2     0     0;
    -2     0     1     0     2     0     2     0     0;
    -5     0     1     0     2     0     2     0     0;
    -8     0     1     0     2     0     3     0     0;
   -16     0     1     0     2     0     6     0     0;
   -18     0     1     0     2     0     1     0     0;
    15     0    -1     0     2     0     3     0     0;
     8     0    -1     0     2     0     6     0     0;
     4     0    -1     0     2     0     3     0     0;
     1     0    -1     0     2     0     2     0     0;
    -2     0    -1     0     2     0     2     0     0;
    -5     0    -1     0     2     0     2     0     0;
    -9     0    -1     0     2     0     3     0     0;
   -16     0    -1     0     2     0     6     0     0;
   -18     0    -1     0     2     0     1     0     0;
    10     0     5     0     2     0     0     0    -4;
     5     0     5     0     2     0     0     0    -4;
     2     0     5     0     2     0     0     0    -4;
    -1     0     5     0     2     0     0     0    -4;
    -4     0     5     0     2     0     0     0    -4;
    -7     0     5     0     2     0     0     0    -4;
   -12     0     5     0     2     0     0     0    -4;
    10     0    -5     0     2     0     0     0     4;
     5     0    -5     0     2     0     0     0     4,
     2     0    -5     0     2     0     0     0     4;
    -1     0    -5     0     2     0     0     0     4;
    -4     0    -5     0     2     0     0     0     4;
    -7     0    -5     0     2     0     0     0     4;
   -12     0    -5     0     2     0     0     0     4;
   -18     0     5     0     2     0    36     0     0;
   -18     0    -5     0     2     0    36     0     0;
    22     0   -11     0     2     0     0     0    -5;
    22     0    -8     0     2     0     0     0    -2;
    22     0    -5     0     2     0     0     0    -2;
    22     0    -1     0     2     0     0     0    -3;
    22     0     6     0     2     0     0     0    -5;
    22     0     8     0     2     0     0     0    -1;
    22     0    11     0     2     0     0     0    -2;
    22     0    16     0     2     0     0     0    -4;
    18     0    -9     0     2     0     4     0     0;
    18     0    -5     0     2     0     4     0     0;
    18     0    -1     0     2     0     4     0     0;
    18     0     1     0     2     0     4     0     0;
    18     0     7     0     2     0     4     0     0;
    18     0     9     0     2     0     4     0     0;
   -22     0   -11     0     2     0     0     0    -5;
   -22     0    -8     0     2     0     0     0    -2;
   -22     0    -5     0     2     0     0     0    -2;
   -22     0    -1     0     2     0     0     0    -3;
   -22     0     6     0     2     0     0     0    -5;
   -22     0     8     0     2     0     0     0    -1;
   -22     0    11     0     2     0     0     0    -2;
   -22     0    16     0     2     0     0     0    -4;
   -18     0    16     0     2     0     0     0   -15;
    18     0    16     0     2     0     0     0   -15;
    18     0   -16     0     2     0     0     0    15;
   -18     0   -16     0     2     0     0     0    15;
   -18     0    -9     0     2     0    -4     0     0;
   -18     0    -5     0     2     0    -4     0     0;
   -18     0    -1     0     2     0    -4     0     0;
   -18     0     1     0     2     0    -4     0     0;
   -18     0     7     0     2     0    -4     0     0;
   -18     0     9     0     2     0    -4     0     0;
    24     0   -14     0     2     0     0     0    -2;
    24     0    -6     0     2     0     0     0    -5;
    24     0    -4     0     2     0     0     0    -1;
    24     0    -1     0     2     0     0     0    -2;
    24     0     3     0     2     0     0     0    -2;
    24     0     5     0     2     0     0     0    -1;
    24     0    11     0     2     0     0     0    -5;
    24     0    16     0     2     0     0     0    -3;
    28     0   -12     0     2     0    -4     0     0;
    28     0    -8     0     2     0    -4     0     0;
    28     0    -5     0     2     0    -4     0     0;
    28     0    -1     0     2     0    -4     0     0;
    28     0     1     0     2     0    -4     0     0;
    28     0     5     0     2     0    -4     0     0;
    28     0     8     0     2     0    -4     0     0;
    28     0    12     0     2     0    -4     0     0;
   -24     0   -14     0     2     0     0     0    -2;
   -24     0    -6     0     2     0     0     0    -5;
   -24     0    -4     0     2     0     0     0    -1;
   -24     0    -1     0     2     0     0     0    -2;
   -24     0     3     0     2     0     0     0    -2;
   -24     0     5     0     2     0     0     0    -1;
   -24     0    11     0     2     0     0     0    -5;
   -24     0    16     0     2     0     0     0    -3;
   -28     0   -12     0     2     0     4     0     0;
   -28     0    -8     0     2     0     4     0     0;
   -28     0    -5     0     2     0     4     0     0;
   -28     0    -1     0     2     0     4     0     0;
   -28     0     1     0     2     0     4     0     0;
   -28     0     5     0     2     0     4     0     0;
   -28     0     8     0     2     0     4     0     0;
   -28     0    12     0     2     0     4     0     0;
   -28     0   -16     0     2     0    10     0     0;
   -28     0    16     0     2     0    10     0     0;
    28     0    16     0     2     0   -10     0     0;
    28     0   -16     0     2     0   -10     0     0;
    28     0   -16     0     2     0     0     0    32;
   -28     0   -16     0     2     0     0     0    32;
]
